     w      Cost    Time(ms)  Expansions
20.00
20.00
25.00
18.00
28.00
21.00
20.00
19.00
23.00
22.00
21.00
16.00
23.00
25.00
26.00
19.00
25.00
18.00
21.00
24.00
25.00
24.00
21.00
21.00
19.00
23.00
24.00
19.00
22.00
17.00
23.00
17.00
22.00
19.00
20.00
19.00
20.00
20.00
16.00
26.00
24.00
22.00
14.00
24.00
14.00
24.00
26.00
22.00
22.00
24.00
  0.00     21.34      974.82    82188.46
20.00
20.00
25.00
18.00
28.00
21.00
20.00
19.00
23.00
22.00
21.00
16.00
23.00
25.00
26.00
19.00
25.00
18.00
21.00
24.00
25.00
24.00
21.00
21.00
19.00
23.00
24.00
19.00
22.00
17.00
23.00
17.00
22.00
19.00
20.00
19.00
20.00
20.00
16.00
26.00
24.00
22.00
14.00
24.00
14.00
24.00
26.00
22.00
22.00
24.00
  0.25     21.34      399.25    34634.08
20.00
20.00
25.00
18.00
28.00
21.00
20.00
19.00
23.00
22.00
21.00
16.00
23.00
25.00
26.00
19.00
25.00
18.00
21.00
24.00
25.00
24.00
21.00
21.00
19.00
23.00
24.00
19.00
22.00
17.00
23.00
17.00
22.00
19.00
20.00
19.00
20.00
20.00
16.00
26.00
24.00
22.00
14.00
24.00
14.00
24.00
26.00
22.00
22.00
24.00
  0.50     21.34      120.09    10898.36
20.00
20.00
25.00
18.00
28.00
21.00
20.00
19.00
23.00
22.00
21.00
16.00
23.00
25.00
26.00
19.00
25.00
18.00
21.00
24.00
25.00
24.00
21.00
21.00
19.00
23.00
24.00
19.00
22.00
17.00
23.00
17.00
22.00
19.00
20.00
19.00
20.00
20.00
16.00
26.00
24.00
22.00
14.00
24.00
14.00
24.00
26.00
22.00
22.00
24.00
  0.75     21.34       30.25     2932.82
20.00
20.00
25.00
18.00
28.00
21.00
20.00
19.00
23.00
22.00
23.00
16.00
23.00
25.00
26.00
19.00
25.00
18.00
21.00
24.00
25.00
26.00
21.00
21.00
19.00
23.00
24.00
19.00
22.00
17.00
23.00
17.00
22.00
19.00
20.00
19.00
20.00
20.00
16.00
26.00
24.00
22.00
14.00
24.00
14.00
24.00
26.00
22.00
22.00
24.00
  1.00     21.42       10.72      886.30
20.00
20.00
25.00
18.00
30.00
21.00
20.00
19.00
23.00
22.00
21.00
16.00
23.00
25.00
30.00
19.00
25.00
18.00
23.00
24.00
25.00
26.00
21.00
21.00
19.00
25.00
24.00
19.00
22.00
17.00
23.00
19.00
22.00
19.00
20.00
19.00
20.00
22.00
16.00
26.00
24.00
22.00
14.00
24.00
14.00
24.00
26.00
22.00
22.00
24.00
  1.50     21.66        5.19      457.46
20.00
20.00
25.00
18.00
30.00
21.00
24.00
21.00
23.00
22.00
21.00
16.00
23.00
27.00
32.00
25.00
29.00
18.00
21.00
26.00
25.00
26.00
21.00
21.00
21.00
25.00
24.00
19.00
24.00
17.00
23.00
19.00
22.00
19.00
20.00
19.00
20.00
22.00
16.00
30.00
26.00
30.00
14.00
24.00
14.00
30.00
26.00
24.00
22.00
24.00
  2.00     22.58        4.38      359.06
20.00
20.00
27.00
18.00
40.00
23.00
28.00
25.00
31.00
36.00
31.00
20.00
23.00
33.00
32.00
25.00
41.00
18.00
31.00
26.00
25.00
28.00
29.00
23.00
21.00
33.00
24.00
21.00
24.00
17.00
27.00
19.00
30.00
23.00
20.00
27.00
20.00
22.00
16.00
38.00
32.00
30.00
14.00
34.00
14.00
32.00
32.00
26.00
28.00
36.00
  3.00     26.26        4.07      349.50
38.00
30.00
27.00
22.00
50.00
23.00
44.00
25.00
31.00
40.00
31.00
20.00
37.00
43.00
32.00
25.00
41.00
18.00
37.00
32.00
25.00
28.00
29.00
23.00
21.00
33.00
32.00
21.00
24.00
17.00
27.00
19.00
34.00
25.00
34.00
37.00
20.00
32.00
20.00
44.00
36.00
30.00
22.00
30.00
14.00
38.00
42.00
40.00
38.00
34.00
  5.00     30.30        2.88      278.26
38.00
30.00
31.00
22.00
50.00
23.00
46.00
35.00
45.00
44.00
43.00
20.00
37.00
43.00
46.00
25.00
41.00
18.00
41.00
32.00
25.00
44.00
33.00
35.00
21.00
53.00
32.00
29.00
24.00
17.00
27.00
19.00
46.00
41.00
56.00
37.00
20.00
36.00
30.00
56.00
32.00
42.00
34.00
46.00
14.00
56.00
48.00
48.00
48.00
42.00
 10.00     36.02        3.09      296.34
